年月      月总收入  食品消费  房租租金  子女教育  水电费用  医疗费用  储蓄
2020年1月 30000    3000    10000    2000      50     200    15750
2020年2月 35000    5100    10000    1800      50      0     20050
2020年3月 30000    2100    10000    4000      70      0
2020年4月 35000    1700    10000    3000      50      0
2020年5月 30000    2300    10000    3000      50     1300
2020年6月 30000    3000    10000    3000      50     1800
2020年7月 30000    2100    10000    2000      50     200
2020年8月 30000    1100    10000    1800      50      0
2020年9月 35000    800     10000    1890      50      0
2020年10月 35000   2000    10000    900       50      0
2020年11月 34000   1900    10000    890       50      0
2020年12月 33000   5100    10000    0         70     100
